                                                   The FREQ Procedure

--------------------------------------------------- country_code=USA ---------------------------------------------------

Table of sport by gender

sport      |       Men |     Women |      Total
-----------+-----------+-----------+-----------
Aquatics   |         3 |         0 |          3
           |     16.67 |      0.00 |      16.67
           |    100.00 |      0.00 |     100.00
           |     33.33 |      0.00 |      16.67
-----------+-----------+-----------+-----------
Athletics  |         0 |         3 |          3
           |      0.00 |     16.67 |      16.67
           |      0.00 |    100.00 |     100.00
           |      0.00 |     33.33 |      16.67
-----------+-----------+-----------+-----------
Basketball |         3 |         0 |          3
           |     16.67 |      0.00 |      16.67
           |    100.00 |      0.00 |     100.00
           |     33.33 |      0.00 |      16.67
-----------+-----------+-----------+-----------
Gymnastics |         1 |         2 |          3
           |      5.56 |     11.11 |      16.67
           |     33.33 |     66.67 |     100.00
           |     11.11 |     22.22 |      16.67
-----------+-----------+-----------+-----------
Rowing     |         2 |         1 |          3
           |     11.11 |      5.56 |      16.67
           |     66.67 |     33.33 |     100.00
           |     22.22 |     11.11 |      16.67
-----------+-----------+-----------+-----------
Softball   |         0 |         3 |          3
           |      0.00 |     16.67 |      16.67
           |      0.00 |    100.00 |     100.00
           |      0.00 |     33.33 |      16.67
-----------+-----------+-----------+-----------
Total      |         9 |         9 |         18

                                                   The FREQ Procedure

--------------------------------------------------- country_code=AUS ---------------------------------------------------

Table of sport by gender

sport      |       Men |     Women |      Total
-----------+-----------+-----------+-----------
Aquatics   |         3 |         0 |          3
           |     20.00 |      0.00 |      20.00
           |    100.00 |      0.00 |     100.00
           |     33.33 |      0.00 |      20.00
-----------+-----------+-----------+-----------
Athletics  |         3 |         0 |          3
           |     20.00 |      0.00 |      20.00
           |    100.00 |      0.00 |     100.00
           |     33.33 |      0.00 |      20.00
-----------+-----------+-----------+-----------
Basketball |         0 |         3 |          3
           |      0.00 |     20.00 |      20.00
           |      0.00 |    100.00 |     100.00
           |      0.00 |     50.00 |      20.00
-----------+-----------+-----------+-----------
Rowing     |         3 |         0 |          3
           |     20.00 |      0.00 |      20.00
           |    100.00 |      0.00 |     100.00
           |     33.33 |      0.00 |      20.00
-----------+-----------+-----------+-----------
Softball   |         0 |         3 |          3
           |      0.00 |     20.00 |      20.00
           |      0.00 |    100.00 |     100.00
           |      0.00 |     50.00 |      20.00
-----------+-----------+-----------+-----------
Total      |         9 |         6 |         15

